9
2 1 108 34 -1 -1 4 2
2 1 164 24 -1 -1 2 1
0 1 391 15 -1 -1 -1 -1
2 1 407 34 -1 -1 3 0
0 1 410 41 -1 -1 -1 -1
0 1 437 1 -1 -1 -1 -1
2 1 438 13 -1 -1 7 0
0 1 473 26 -1 -1 -1 -1
2 1 523 49 -1 -1 8 0
2
1 1 2825 24 7 1 -1 -1
1 1 2719 6 5 6 -1 -1
11
2 1 108 34 -1 -1 4 2
2 1 164 24 -1 -1 2 1
0 1 391 15 -1 -1 -1 -1
2 1 407 34 -1 -1 3 0
0 1 410 41 -1 -1 -1 -1
0 1 437 1 -1 -1 -1 -1
2 1 438 13 -1 -1 7 0
0 1 473 26 -1 -1 -1 -1
2 1 523 49 -1 -1 8 0
0 1 583 12 -1 -1 -1 -1
2 1 607 0 -1 -1 4 9
10
2 1 108 34 -1 -1 4 2
2 1 164 24 -1 -1 2 1
0 1 391 15 -1 -1 -1 -1
2 1 407 34 -1 -1 3 0
0 1 410 41 -1 -1 -1 -1
0 1 437 1 -1 -1 -1 -1
2 1 438 13 -1 -1 7 0
0 1 473 26 -1 -1 -1 -1
2 1 523 49 -1 -1 8 0
0 1 583 12 -1 -1 -1 -1
2
1 1 2825 24 7 1 -1 -1
1 1 2719 6 5 6 -1 -1
2
1 1 2825 24 7 1 -1 -1
1 1 2719 6 5 6 -1 -1
2
1 1 2825 24 7 1 -1 -1
1 1 2719 6 5 6 -1 -1
10
2 1 108 34 -1 -1 4 2
2 1 164 24 -1 -1 2 1
0 1 391 15 -1 -1 -1 -1
2 1 407 34 -1 -1 3 0
0 1 410 41 -1 -1 -1 -1
0 1 437 1 -1 -1 -1 -1
2 1 438 13 -1 -1 7 0
0 1 473 26 -1 -1 -1 -1
2 1 523 49 -1 -1 8 0
0 1 583 12 -1 -1 -1 -1
11
2 1 108 34 -1 -1 4 2
2 1 164 24 -1 -1 2 1
0 1 391 15 -1 -1 -1 -1
2 1 407 34 -1 -1 3 0
0 1 410 41 -1 -1 -1 -1
0 1 437 1 -1 -1 -1 -1
2 1 438 13 -1 -1 7 0
0 1 473 26 -1 -1 -1 -1
2 1 523 49 -1 -1 8 0
0 1 583 12 -1 -1 -1 -1
2 1 607 0 -1 -1 4 9
10
2 1 108 34 -1 -1 4 2
2 1 164 24 -1 -1 2 1
0 1 391 15 -1 -1 -1 -1
2 1 407 34 -1 -1 3 0
0 1 410 41 -1 -1 -1 -1
0 1 437 1 -1 -1 -1 -1
2 1 438 13 -1 -1 7 0
0 1 473 26 -1 -1 -1 -1
2 1 523 49 -1 -1 8 0
0 1 583 12 -1 -1 -1 -1
11
2 1 108 34 -1 -1 4 2
2 1 164 24 -1 -1 2 1
0 1 391 15 -1 -1 -1 -1
2 1 407 34 -1 -1 3 0
0 1 410 41 -1 -1 -1 -1
0 1 437 1 -1 -1 -1 -1
2 1 438 13 -1 -1 7 0
0 1 473 26 -1 -1 -1 -1
2 1 523 49 -1 -1 8 0
0 1 583 12 -1 -1 -1 -1
2 1 607 0 -1 -1 4 9
2
1 1 2825 24 7 1 -1 -1
1 1 2719 6 5 6 -1 -1
10
2 1 108 34 -1 -1 4 2
2 1 164 24 -1 -1 2 1
0 1 391 15 -1 -1 -1 -1
2 1 407 34 -1 -1 3 0
0 1 410 41 -1 -1 -1 -1
0 1 437 1 -1 -1 -1 -1
2 1 438 13 -1 -1 7 0
0 1 473 26 -1 -1 -1 -1
2 1 523 49 -1 -1 8 0
0 1 583 12 -1 -1 -1 -1
2
1 1 2825 24 7 1 -1 -1
1 1 2719 6 5 6 -1 -1
9
2 1 108 34 -1 -1 4 2
2 1 164 24 -1 -1 2 1
0 1 391 15 -1 -1 -1 -1
2 1 407 34 -1 -1 3 0
0 1 410 41 -1 -1 -1 -1
0 1 437 1 -1 -1 -1 -1
2 1 438 13 -1 -1 7 0
0 1 473 26 -1 -1 -1 -1
2 1 523 49 -1 -1 8 0
2
1 1 2825 24 7 1 -1 -1
1 1 2719 6 5 6 -1 -1
9
2 1 108 34 -1 -1 4 2
2 1 164 24 -1 -1 2 1
0 1 391 15 -1 -1 -1 -1
2 1 407 34 -1 -1 3 0
0 1 410 41 -1 -1 -1 -1
0 1 437 1 -1 -1 -1 -1
2 1 438 13 -1 -1 7 0
0 1 473 26 -1 -1 -1 -1
2 1 523 49 -1 -1 8 0
2
1 1 2825 24 7 1 -1 -1
1 1 2719 6 5 6 -1 -1
11
2 1 108 34 -1 -1 4 2
2 1 164 24 -1 -1 2 1
0 1 391 15 -1 -1 -1 -1
2 1 407 34 -1 -1 3 0
0 1 410 41 -1 -1 -1 -1
0 1 437 1 -1 -1 -1 -1
2 1 438 13 -1 -1 7 0
0 1 473 26 -1 -1 -1 -1
2 1 523 49 -1 -1 8 0
0 1 583 12 -1 -1 -1 -1
2 1 607 0 -1 -1 4 9
9
2 1 108 34 -1 -1 4 2
2 1 164 24 -1 -1 2 1
0 1 391 15 -1 -1 -1 -1
2 1 407 34 -1 -1 3 0
0 1 410 41 -1 -1 -1 -1
0 1 437 1 -1 -1 -1 -1
2 1 438 13 -1 -1 7 0
0 1 473 26 -1 -1 -1 -1
2 1 523 49 -1 -1 8 0
12
2 1 108 34 -1 -1 4 2
2 1 164 24 -1 -1 2 1
0 1 391 15 -1 -1 -1 -1
2 1 407 34 -1 -1 3 0
0 1 410 41 -1 -1 -1 -1
0 1 437 1 -1 -1 -1 -1
2 1 438 13 -1 -1 7 0
0 1 473 26 -1 -1 -1 -1
2 1 523 49 -1 -1 8 0
0 1 583 12 -1 -1 -1 -1
2 1 607 0 -1 -1 4 9
2 1 611 18 -1 -1 5 9
12
2 1 108 34 -1 -1 4 2
2 1 164 24 -1 -1 2 1
0 1 391 15 -1 -1 -1 -1
2 1 407 34 -1 -1 3 0
0 1 410 41 -1 -1 -1 -1
0 1 437 1 -1 -1 -1 -1
2 1 438 13 -1 -1 7 0
0 1 473 26 -1 -1 -1 -1
2 1 523 49 -1 -1 8 0
0 1 583 12 -1 -1 -1 -1
2 1 607 0 -1 -1 4 9
2 1 611 18 -1 -1 5 9
