50
2 0 791 37 -1 -1 0 3
0 0 623 16 -1 -1 -1 -1
2 0 164 24 -1 -1 2 1
2 0 611 18 -1 -1 5 9
0 0 708 27 -1 -1 -1 -1
1 0 2028 47 6 8 -1 -1
2 0 681 13 -1 -1 2 9
0 0 473 26 -1 -1 -1 -1
2 0 949 17 -1 -1 5 7
0 0 410 41 -1 -1 -1 -1
1 0 2401 21 0 0 -1 -1
0 0 391 15 -1 -1 -1 -1
1 0 2618 34 7 7 -1 -1
2 0 1077 17 -1 -1 3 0
1 0 2652 30 4 0 -1 -1
2 0 523 49 -1 -1 8 0
2 0 108 34 -1 -1 4 2
0 0 886 34 -1 -1 -1 -1
1 0 2478 49 4 8 -1 -1
2 0 1063 18 -1 -1 7 1
0 0 730 33 -1 -1 -1 -1
2 0 834 14 -1 -1 2 4
2 0 438 13 -1 -1 7 0
1 0 2578 14 4 2 -1 -1
1 0 2620 26 7 0 -1 -1
1 0 2653 49 2 7 -1 -1
1 0 2179 8 4 1 -1 -1
1 0 2694 45 7 6 -1 -1
0 0 826 46 -1 -1 -1 -1
1 0 2496 27 6 6 -1 -1
1 0 2432 18 7 2 -1 -1
0 0 614 5 -1 -1 -1 -1
1 0 2719 6 5 6 -1 -1
1 0 2116 46 9 7 -1 -1
1 0 2825 24 7 1 -1 -1
2 0 726 30 -1 -1 1 4
2 0 607 0 -1 -1 4 9
0 0 771 44 -1 -1 -1 -1
0 0 437 1 -1 -1 -1 -1
1 0 2257 7 6 3 -1 -1
0 0 944 42 -1 -1 -1 -1
1 0 2221 32 8 5 -1 -1
1 0 2471 32 7 1 -1 -1
0 0 583 12 -1 -1 -1 -1
1 0 2583 17 4 3 -1 -1
1 0 2590 21 6 1 -1 -1
0 0 833 48 -1 -1 -1 -1
1 0 2178 32 2 0 -1 -1
1 0 2005 2 3 2 -1 -1
2 0 407 34 -1 -1 3 0
